function P = protein_1pgb;
% Returns the coordinates for the alpha carbons of the protein 1PGB.
P = [13.9, 18.5, 29.8;13.1, 19.7, 26.3;12.7,  17, 23.6;12.2, 17.7, 19.9;10.3, 15.8, 17.2;11.1, 16.1, 13.5;8.01, 15.2, 11.4;8.63,  14, 7.91;5.21, 12.6, 6.97;3.59, 12.6, 3.5;1.29, 15.5, 4.54;2.62,  17, 7.79;6.24, 18.3, 7.9;8.15, 20.4, 10.5;9.43, 20.3, 14.2;7.8, 20.6, 17.6;9.06, 20.3, 21.1;7.74, 19.3, 24.5;8.91, 19.3, 28.1;8.98, 15.9, 29.8;10.6, 14.4, 32.8;12.2, 11.7, 30.7;12.5, 10.1, 27.2;9.68, 7.54, 27.6;7.25, 10.2, 28.6;8.15, 12.4, 25.7;7.82, 9.45, 23.2;4.31, 8.92, 24.7;3.07, 12.4,  24;4.84, 12.5, 20.5;3.25, 9.23, 19.5;-0.277, 10.5, 20.4;0.341, 13.7, 18.7;1.53, 11.9, 15.5;-1.4, 9.62, 15.6;-3.92, 12.4, 16.2;-2.54, 14.1,  13;-2.68, 10.8,  11;1.11, 10.3, 10.7;2.17, 6.7, 10.7;5.83, 6.03, 10.1;9.22, 4.65, 11.3;10.6, 6.26, 14.4;14.1, 6.98, 15.7;15.4, 8.49,  19;18.8, 10.1, 19.5;19.6, 10.7, 23.2;22.6, 12.9, 22.3;20.3, 15.6, 20.9;17.1, 14.5, 22.6;15.4, 14.3, 19.2;12.8, 11.9, 17.9; 12, 11.6, 14.3;8.97,  10, 12.5;9.15, 9.34, 8.72;6.28, 8.18, 6.48];
