function P = protein_2gb1;
% Returns the coordinates for the alpha carbons of the protein 1PGB.
P = [-13.3, 0.028, 3.92;-9.67, -0.447,   5;-7.17, -2.31, 2.81;-3.92, -3.88, 4.04;-0.651, -2.75, 2.47;2.34, -5.11, 2.25;5.68, -3.32, 1.9;8.14, -5.54, 0.03;10.9, -2.96, 0.07;14.3, -4.47, -0.703;16.1, -3.03, 2.32;12.8, -2.61, 4.2;9.58, -4.61, 4.66;6.37, -3.76, 6.52;2.58, -3.6, 6.34;-0.108, -1.14, 7.43;-3.85, -0.651, 6.89;-5.35, 2.65, 5.69;-8.95, 3.89, 5.46;-10, 4.81, 1.92;-13.4, 5.25, 0.258;-12.2, 3.98, -3.12;-9.24, 2.23, -4.78;-7.96, 5.46, -6.34;-7.46, 7.45, -3.13;-6.08, 4.23, -1.65;-3.26, 4.2, -4.21;-2.01, 7.7, -3.28;-2.84, 7.37, 0.433;-0.555, 4.36, 0.858;1.99, 5.8, -1.57;2.19, 8.83, 0.712;3.15, 6.46, 3.54;5.74, 4.44, 1.6;7.29, 7.78, 0.621;8.01, 8.48, 4.29;10.2, 5.33, 4.04;11.6, 5.49, 0.523;9.67, 2.62, -1.11;8.48, 3.67, -4.59;8.45, 1.5, -7.72;5.82, -1.09, -8.66;2.37, -1.04, -7.04;-0.167, -3.9, -6.93;-3.76, -4.28, -5.7;-5.37, -7.44, -4.27;-9.11, -6.81, -4.63;-9.46, -10.5, -3.77;-8.88, -9.95, -0.032;-8.67, -6.15, 0.203;-4.89, -6.16, 0.598;-2.61, -3.59, -1.06;0.96, -4.49, -1.95;  4, -2.64, -3.28;7.53, -3.78, -4.11;10.6, -1.55, -4.83];
